DATETIME,price
01-01-2013 09:15,54.58
02-01-2013 09:15,54.62
03-01-2013 09:15,57.48
04-01-2013 09:15,57.03
07-01-2013 09:15,56.99
08-01-2013 09:15,55.64
09-01-2013 09:15,56.87
10-01-2013 09:15,57.66
11-01-2013 09:15,56.41
14-01-2013 09:15,56.43
15-01-2013 09:15,57.15
16-01-2013 09:15,57.0
17-01-2013 09:15,56.83
18-01-2013 09:15,56.61
21-01-2013 09:15,56.95
22-01-2013 09:15,56.74
23-01-2013 09:15,56.39
24-01-2013 09:15,56.45
25-01-2013 09:15,54.7
28-01-2013 09:15,54.18
29-01-2013 09:15,55.57
30-01-2013 09:15,56.54
31-01-2013 09:15,56.77
01-02-2013 09:15,56.54
04-02-2013 09:15,56.42
05-02-2013 09:15,56.96
06-02-2013 09:15,57.61
07-02-2013 09:15,57.61
08-02-2013 09:15,57.6
11-02-2013 09:15,57.0
12-02-2013 09:15,57.13
13-02-2013 09:15,55.99
14-02-2013 09:15,54.34
15-02-2013 09:15,53.54
18-02-2013 09:15,53.8
19-02-2013 09:15,56.33
20-02-2013 09:15,56.05
21-02-2013 09:15,56.81
22-02-2013 09:15,57.22
25-02-2013 09:15,57.97
26-02-2013 09:15,58.0
27-02-2013 09:15,58.95
28-02-2013 09:15,61.22
01-03-2013 09:15,58.75
04-03-2013 09:15,57.02
05-03-2013 09:15,58.47
06-03-2013 09:15,59.27
07-03-2013 09:15,58.2
08-03-2013 09:15,57.81
11-03-2013 09:15,58.03
12-03-2013 09:15,58.08
13-03-2013 09:15,57.22
14-03-2013 09:15,57.4
15-03-2013 09:15,57.44
18-03-2013 09:15,57.0
19-03-2013 09:15,56.32
20-03-2013 09:15,54.86
21-03-2013 09:15,54.34
22-03-2013 09:15,53.89
25-03-2013 09:15,54.8
26-03-2013 09:15,53.97
28-03-2013 09:15,54.63
01-04-2013 09:15,56.12
02-04-2013 09:15,56.0
03-04-2013 09:15,54.77
04-04-2013 09:15,52.71
05-04-2013 09:15,53.43
08-04-2013 09:15,53.02
09-04-2013 09:15,52.04
10-04-2013 09:15,52.27
11-04-2013 09:15,52.1
12-04-2013 09:15,51.53
15-04-2013 09:15,50.57
16-04-2013 09:15,49.96
17-04-2013 09:15,49.69
18-04-2013 09:15,51.08
22-04-2013 09:15,52.1
23-04-2013 09:15,51.84
25-04-2013 09:15,53.34
26-04-2013 09:15,54.24
29-04-2013 09:15,53.53
30-04-2013 09:15,53.67
02-05-2013 09:15,53.75
03-05-2013 09:15,53.72
06-05-2013 09:15,54.07
07-05-2013 09:15,53.87
08-05-2013 09:15,53.94
09-05-2013 09:15,54.82
10-05-2013 09:15,54.04
11-05-2013 09:15,53.53
13-05-2013 09:15,53.92
14-05-2013 09:15,54.58
15-05-2013 09:15,56.41
16-05-2013 09:15,55.72
17-05-2013 09:15,56.54
20-05-2013 09:15,56.59
21-05-2013 09:15,56.94
22-05-2013 09:15,56.6
23-05-2013 09:15,55.88
24-05-2013 09:15,56.5
27-05-2013 09:15,56.09
28-05-2013 09:15,55.63
29-05-2013 09:15,55.51
30-05-2013 09:15,55.69
31-05-2013 09:15,55.73
03-06-2013 09:15,54.81
04-06-2013 09:15,54.11
05-06-2013 09:15,54.0
06-06-2013 09:15,54.5
07-06-2013 09:15,54.05
10-06-2013 09:15,53.38
11-06-2013 09:15,51.86
12-06-2013 09:15,51.23
13-06-2013 09:15,50.94
14-06-2013 09:15,51.15
17-06-2013 09:15,50.97
18-06-2013 09:15,51.58
19-06-2013 09:15,52.0
20-06-2013 09:15,50.29
21-06-2013 09:15,49.71
24-06-2013 09:15,46.72
25-06-2013 09:15,46.36
26-06-2013 09:15,46.75
27-06-2013 09:15,46.99
28-06-2013 09:15,48.07
01-07-2013 09:15,49.81
02-07-2013 09:15,49.44
03-07-2013 09:15,47.97
04-07-2013 09:15,48.32
05-07-2013 09:15,48.2
08-07-2013 09:15,48.44
09-07-2013 09:15,48.59
10-07-2013 09:15,48.7
11-07-2013 09:15,49.6
12-07-2013 09:15,49.01
15-07-2013 09:15,49.43
16-07-2013 09:15,49.28
17-07-2013 09:15,48.25
18-07-2013 09:15,48.35
19-07-2013 09:15,47.79
22-07-2013 09:15,47.39
23-07-2013 09:15,46.93
24-07-2013 09:15,44.2
25-07-2013 09:15,44.01
26-07-2013 09:15,44.24
29-07-2013 09:15,44.25
30-07-2013 09:15,44.0
31-07-2013 09:15,45.25
01-08-2013 09:15,45.04
02-08-2013 09:15,45.19
05-08-2013 09:15,44.3
06-08-2013 09:15,42.72
07-08-2013 09:15,43.29
08-08-2013 09:15,43.89
12-08-2013 09:15,44.42
13-08-2013 09:15,46.5
14-08-2013 09:15,46.27
16-08-2013 09:15,43.95
19-08-2013 09:15,43.52
20-08-2013 09:15,43.42
21-08-2013 09:15,43.42
22-08-2013 09:15,43.88
23-08-2013 09:15,42.95
26-08-2013 09:15,43.83
27-08-2013 09:15,43.55
28-08-2013 09:15,42.04
29-08-2013 09:15,42.7
30-08-2013 09:15,42.6
02-09-2013 09:15,42.72
03-09-2013 09:15,42.53
04-09-2013 09:15,42.13
05-09-2013 09:15,42.49
06-09-2013 09:15,42.82
10-09-2013 09:15,43.17
11-09-2013 09:15,43.32
12-09-2013 09:15,43.21
13-09-2013 09:15,43.03
16-09-2013 09:15,42.84
17-09-2013 09:15,44.16
18-09-2013 09:15,45.4
19-09-2013 09:15,46.88
20-09-2013 09:15,45.34
23-09-2013 09:15,44.6
24-09-2013 09:15,44.85
25-09-2013 09:15,43.86
26-09-2013 09:15,43.99
27-09-2013 09:15,43.95
30-09-2013 09:15,44.98
01-10-2013 09:15,45.2
03-10-2013 09:15,46.73
04-10-2013 09:15,45.87
07-10-2013 09:15,45.24
08-10-2013 09:15,45.35
09-10-2013 09:15,44.63
10-10-2013 09:15,43.61
11-10-2013 09:15,44.27
14-10-2013 09:15,43.92
15-10-2013 09:15,44.77
17-10-2013 09:15,44.06
18-10-2013 09:15,44.43
21-10-2013 09:15,43.75
22-10-2013 09:15,44.39
23-10-2013 09:15,44.46
24-10-2013 09:15,44.38
25-10-2013 09:15,45.3
28-10-2013 09:15,45.0
29-10-2013 09:15,46.09
30-10-2013 09:15,45.82
31-10-2013 09:15,45.89
01-11-2013 09:15,46.51
03-11-2013 09:15,47.73
05-11-2013 09:15,48.62
06-11-2013 09:15,48.04
07-11-2013 09:15,47.73
08-11-2013 09:15,47.05
11-11-2013 09:15,48.15
12-11-2013 09:15,48.38
13-11-2013 09:15,47.41
14-11-2013 09:15,48.18
18-11-2013 09:15,46.95
19-11-2013 09:15,48.1
20-11-2013 09:15,48.76
21-11-2013 09:15,47.67
22-11-2013 09:15,48.96
25-11-2013 09:15,48.31
26-11-2013 09:15,49.49
27-11-2013 09:15,49.79
28-11-2013 09:15,50.11
29-11-2013 09:15,50.26
02-12-2013 09:15,49.57
03-12-2013 09:15,50.64
04-12-2013 09:15,49.14
05-12-2013 09:15,49.46
06-12-2013 09:15,49.28
09-12-2013 09:15,50.19
10-12-2013 09:15,50.75
11-12-2013 09:15,50.78
12-12-2013 09:15,49.98
13-12-2013 09:15,49.74
16-12-2013 09:15,50.15
17-12-2013 09:15,49.62
18-12-2013 09:15,49.19
19-12-2013 09:15,48.21
20-12-2013 09:15,48.82
23-12-2013 09:15,48.6
24-12-2013 09:15,48.27
26-12-2013 09:15,49.07
27-12-2013 09:15,49.48
30-12-2013 09:15,48.76
31-12-2013 09:15,48.86
01-01-2014 09:15,48.53
02-01-2014 09:15,46.51
03-01-2014 09:15,46.29
06-01-2014 09:15,45.86
07-01-2014 09:15,47.21
08-01-2014 09:15,47.84
09-01-2014 09:15,49.66
10-01-2014 09:15,52.08
13-01-2014 09:15,52.9
14-01-2014 09:15,52.87
15-01-2014 09:15,52.02
16-01-2014 09:15,52.52
17-01-2014 09:15,51.49
20-01-2014 09:15,51.41
21-01-2014 09:15,51.09
22-01-2014 09:15,51.62
23-01-2014 09:15,51.6
24-01-2014 09:15,51.7
27-01-2014 09:15,51.72
28-01-2014 09:15,51.85
29-01-2014 09:15,52.12
30-01-2014 09:15,50.26
31-01-2014 09:15,49.06
03-02-2014 09:15,49.19
04-02-2014 09:15,48.97
05-02-2014 09:15,49.79
06-02-2014 09:15,49.15
07-02-2014 09:15,48.98
10-02-2014 09:15,48.64
11-02-2014 09:15,48.6
12-02-2014 09:15,48.15
13-02-2014 09:15,48.08
14-02-2014 09:15,46.86
17-02-2014 09:15,47.39
18-02-2014 09:15,46.16
19-02-2014 09:15,46.57
20-02-2014 09:15,45.83
21-02-2014 09:15,45.58
24-02-2014 09:15,45.47
25-02-2014 09:15,46.79
26-02-2014 09:15,46.08
28-02-2014 09:15,45.48
03-03-2014 09:15,46.4
04-03-2014 09:15,46.42
05-03-2014 09:15,46.93
06-03-2014 09:15,48.84
07-03-2014 09:15,49.14
10-03-2014 09:15,48.6
11-03-2014 09:15,49.89
12-03-2014 09:15,50.04
13-03-2014 09:15,51.88
14-03-2014 09:15,51.74
18-03-2014 09:15,50.75
19-03-2014 09:15,49.66
20-03-2014 09:15,49.46
21-03-2014 09:15,50.7
22-03-2014 09:15,50.19
24-03-2014 09:15,51.24
25-03-2014 09:15,51.02
26-03-2014 09:15,50.3
27-03-2014 09:15,53.88
28-03-2014 09:15,58.03
31-03-2014 09:15,57.66
01-04-2014 09:15,56.36
02-04-2014 09:15,56.59
03-04-2014 09:15,56.64
04-04-2014 09:15,56.02
07-04-2014 09:15,56.56
09-04-2014 09:15,57.2
10-04-2014 09:15,57.66
11-04-2014 09:15,58.03
15-04-2014 09:15,57.4
16-04-2014 09:15,58.27
17-04-2014 09:15,57.33
21-04-2014 09:15,57.8
22-04-2014 09:15,57.55
23-04-2014 09:15,58.56
25-04-2014 09:15,58.82
28-04-2014 09:15,59.79
29-04-2014 09:15,57.8
30-04-2014 09:15,57.73
02-05-2014 09:15,56.6
05-05-2014 09:15,57.66
06-05-2014 09:15,57.93
07-05-2014 09:15,59.2
08-05-2014 09:15,60.32
09-05-2014 09:15,58.75
12-05-2014 09:15,59.78
13-05-2014 09:15,58.07
14-05-2014 09:15,58.08
15-05-2014 09:15,58.1
16-05-2014 09:15,57.88
19-05-2014 09:15,65.6
20-05-2014 09:15,68.17
21-05-2014 09:15,69.21
22-05-2014 09:15,70.29
23-05-2014 09:15,71.78
26-05-2014 09:15,69.69
27-05-2014 09:15,69.55
28-05-2014 09:15,69.41
29-05-2014 09:15,70.42
30-05-2014 09:15,62.47
02-06-2014 09:15,70.86
03-06-2014 09:15,68.74
04-06-2014 09:15,71.84
05-06-2014 09:15,75.23
06-06-2014 09:15,76.92
09-06-2014 09:15,78.81
10-06-2014 09:15,79.15
11-06-2014 09:15,77.99
12-06-2014 09:15,76.39
13-06-2014 09:15,74.6
16-06-2014 09:15,75.73
17-06-2014 09:15,75.73
18-06-2014 09:15,73.98
19-06-2014 09:15,75.03
20-06-2014 09:15,75.26
23-06-2014 09:15,76.2
24-06-2014 09:15,76.08
25-06-2014 09:15,75.35
26-06-2014 09:15,75.18
27-06-2014 09:15,75.24
30-06-2014 09:15,77.78
01-07-2014 09:15,78.81
02-07-2014 09:15,78.53
03-07-2014 09:15,81.1
04-07-2014 09:15,81.35
07-07-2014 09:15,84.35
08-07-2014 09:15,86.66
09-07-2014 09:15,82.97
10-07-2014 09:15,80.58
11-07-2014 09:15,77.65
14-07-2014 09:15,79.67
15-07-2014 09:15,79.85
16-07-2014 09:15,79.9
17-07-2014 09:15,78.9
18-07-2014 09:15,79.83
21-07-2014 09:15,82.28
22-07-2014 09:15,82.9
23-07-2014 09:15,83.61
24-07-2014 09:15,84.64
25-07-2014 09:15,82.11
28-07-2014 09:15,78.81
30-07-2014 09:15,83.38
31-07-2014 09:15,83.73
01-08-2014 09:15,81.02
04-08-2014 09:15,80.37
05-08-2014 09:15,80.29
06-08-2014 09:15,79.96
07-08-2014 09:15,79.62
08-08-2014 09:15,79.68
11-08-2014 09:15,77.91
12-08-2014 09:15,77.89
13-08-2014 09:15,76.5
14-08-2014 09:15,76.42
18-08-2014 09:15,78.36
19-08-2014 09:15,79.52
20-08-2014 09:15,79.82
21-08-2014 09:15,80.06
22-08-2014 09:15,80.23
25-08-2014 09:15,80.74
26-08-2014 09:15,81.6
27-08-2014 09:15,81.03
28-08-2014 09:15,81.29
01-09-2014 09:15,81.33
02-09-2014 09:15,82.29
03-09-2014 09:15,82.56
04-09-2014 09:15,83.23
05-09-2014 09:15,84.99
08-09-2014 09:15,90.36
09-09-2014 09:15,95.94
10-09-2014 09:15,98.07
11-09-2014 09:15,99.6
12-09-2014 09:15,99.98
15-09-2014 09:15,100.31
16-09-2014 09:15,96.14
17-09-2014 09:15,101.01
18-09-2014 09:15,100.29
19-09-2014 09:15,100.93
22-09-2014 09:15,100.14
23-09-2014 09:15,97.25
24-09-2014 09:15,95.24
25-09-2014 09:15,94.05
26-09-2014 09:15,94.14
29-09-2014 09:15,96.24
30-09-2014 09:15,99.2
01-10-2014 09:15,95.98
07-10-2014 09:15,93.12
08-10-2014 09:15,94.21
09-10-2014 09:15,94.01
10-10-2014 09:15,92.36
13-10-2014 09:15,91.32
14-10-2014 09:15,90.92
16-10-2014 09:15,91.51
17-10-2014 09:15,91.06
20-10-2014 09:15,91.85
21-10-2014 09:15,94.14
22-10-2014 09:15,96.09
23-10-2014 09:15,97.06
27-10-2014 09:15,95.94
28-10-2014 09:15,97.48
29-10-2014 09:15,98.35
30-10-2014 09:15,99.06
31-10-2014 09:15,96.99
03-11-2014 09:15,95.41
05-11-2014 09:15,96.78
07-11-2014 09:15,97.97
10-11-2014 09:15,96.53
11-11-2014 09:15,97.61
12-11-2014 09:15,97.92
13-11-2014 09:15,97.1
14-11-2014 09:15,97.92
17-11-2014 09:15,96.38
18-11-2014 09:15,95.25
19-11-2014 09:15,93.7
20-11-2014 09:15,92.69
21-11-2014 09:15,92.11
24-11-2014 09:15,93.25
25-11-2014 09:15,91.24
26-11-2014 09:15,90.47
27-11-2014 09:15,89.94
28-11-2014 09:15,90.23
01-12-2014 09:15,92.12
02-12-2014 09:15,96.38
03-12-2014 09:15,93.47
04-12-2014 09:15,93.08
05-12-2014 09:15,93.19
08-12-2014 09:15,91.13
09-12-2014 09:15,89.13
10-12-2014 09:15,91.61
11-12-2014 09:15,92.66
12-12-2014 09:15,92.9
15-12-2014 09:15,95.56
16-12-2014 09:15,92.04
17-12-2014 09:15,90.31
18-12-2014 09:15,91.67
19-12-2014 09:15,93.8
22-12-2014 09:15,93.31
23-12-2014 09:15,93.73
24-12-2014 09:15,95.99
26-12-2014 09:15,94.74
29-12-2014 09:15,97.54
30-12-2014 09:15,95.76
31-12-2014 09:15,94.73
01-01-2015 09:15,94.6
02-01-2015 09:15,98.07
05-01-2015 09:15,99.61
06-01-2015 09:15,96.45
07-01-2015 09:15,96.06
08-01-2015 09:15,97.54
09-01-2015 09:15,97.11
12-01-2015 09:15,99.23
13-01-2015 09:15,99.83
14-01-2015 09:15,104.43
15-01-2015 09:15,105.38
16-01-2015 09:15,103.04
19-01-2015 09:15,103.22
20-01-2015 09:15,100.09
21-01-2015 09:15,103.33
22-01-2015 09:15,103.03
23-01-2015 09:15,103.06
27-01-2015 09:15,104.04
28-01-2015 09:15,107.92
29-01-2015 09:15,112.35
30-01-2015 09:15,108.62
02-02-2015 09:15,108.21
03-02-2015 09:15,113.4
04-02-2015 09:15,111.05
05-02-2015 09:15,109.33
06-02-2015 09:15,110.11
09-02-2015 09:15,106.99
10-02-2015 09:15,108.96
11-02-2015 09:15,108.86
12-02-2015 09:15,114.01
13-02-2015 09:15,112.79
16-02-2015 09:15,111.58
18-02-2015 09:15,113.22
19-02-2015 09:15,115.62
20-02-2015 09:15,117.86
23-02-2015 09:15,116.77
24-02-2015 09:15,115.69
25-02-2015 09:15,115.49
26-02-2015 09:15,114.56
27-02-2015 09:15,115.37
28-02-2015 09:15,113.98
02-03-2015 09:15,116.04
03-03-2015 09:15,119.8
04-03-2015 09:15,118.99
05-03-2015 09:15,117.75
09-03-2015 09:15,113.61
10-03-2015 09:15,113.95
11-03-2015 09:15,114.49
12-03-2015 09:15,117.94
13-03-2015 09:15,116.46
16-03-2015 09:15,117.64
17-03-2015 09:15,116.38
18-03-2015 09:15,117.31
19-03-2015 09:15,117.28
20-03-2015 09:15,113.04
23-03-2015 09:15,115.51
24-03-2015 09:15,114.19
25-03-2015 09:15,110.79
26-03-2015 09:15,109.49
27-03-2015 09:15,110.16
30-03-2015 09:15,115.85
31-03-2015 09:15,117.82
01-04-2015 09:15,119.64
06-04-2015 09:15,119.25
07-04-2015 09:15,119.49
08-04-2015 09:15,119.19
09-04-2015 09:15,117.62
10-04-2015 09:15,115.74
13-04-2015 09:15,117.81
15-04-2015 09:15,122.71
16-04-2015 09:15,124.78
17-04-2015 09:15,123.55
20-04-2015 09:15,123.21
21-04-2015 09:15,122.05
22-04-2015 09:15,118.63
23-04-2015 09:15,117.98
24-04-2015 09:15,117.58
27-04-2015 09:15,122.47
28-04-2015 09:15,120.49
29-04-2015 09:15,119.52
30-04-2015 09:15,117.65
04-05-2015 09:15,120.19
05-05-2015 09:15,119.92
06-05-2015 09:15,117.45
07-05-2015 09:15,115.38
08-05-2015 09:15,116.81
11-05-2015 09:15,117.41
12-05-2015 09:15,117.15
13-05-2015 09:15,115.11
14-05-2015 09:15,115.09
15-05-2015 09:15,116.01
18-05-2015 09:15,118.31
19-05-2015 09:15,118.9
20-05-2015 09:15,121.35
21-05-2015 09:15,121.84
22-05-2015 09:15,119.14
25-05-2015 09:15,115.58
26-05-2015 09:15,115.92
27-05-2015 09:15,116.53
28-05-2015 09:15,116.72
29-05-2015 09:15,115.81
01-06-2015 09:15,118.34
02-06-2015 09:15,119.89
03-06-2015 09:15,118.24
04-06-2015 09:15,119.16
05-06-2015 09:15,120.19
08-06-2015 09:15,116.42
09-06-2015 09:15,116.03
10-06-2015 09:15,120.41
11-06-2015 09:15,121.97
12-06-2015 09:15,118.35
15-06-2015 09:15,116.75
16-06-2015 09:15,118.59
17-06-2015 09:15,119.85
18-06-2015 09:15,121.87
19-06-2015 09:15,120.0
22-06-2015 09:15,123.93
23-06-2015 09:15,127.5
24-06-2015 09:15,126.42
25-06-2015 09:15,125.41
26-06-2015 09:15,127.95
29-06-2015 09:15,124.14
30-06-2015 09:15,125.17
01-07-2015 09:15,128.53
02-07-2015 09:15,128.27
03-07-2015 09:15,132.45
06-07-2015 09:15,138.17
07-07-2015 09:15,143.97
08-07-2015 09:15,139.2
09-07-2015 09:15,138.82
10-07-2015 09:15,144.29
13-07-2015 09:15,140.36
14-07-2015 09:15,141.61
15-07-2015 09:15,140.37
16-07-2015 09:15,139.51
17-07-2015 09:15,138.67
20-07-2015 09:15,135.67
21-07-2015 09:15,138.05
22-07-2015 09:15,139.51
23-07-2015 09:15,138.12
24-07-2015 09:15,138.0
27-07-2015 09:15,136.08
28-07-2015 09:15,135.76
29-07-2015 09:15,134.64
30-07-2015 09:15,138.68
31-07-2015 09:15,138.1
03-08-2015 09:15,136.43
04-08-2015 09:15,136.7
05-08-2015 09:15,134.06
06-08-2015 09:15,134.15
07-08-2015 09:15,131.0
10-08-2015 09:15,129.7
11-08-2015 09:15,129.47
12-08-2015 09:15,128.97
13-08-2015 09:15,125.56
14-08-2015 09:15,128.8
17-08-2015 09:15,130.6
18-08-2015 09:15,131.13
19-08-2015 09:15,132.61
20-08-2015 09:15,126.93
21-08-2015 09:15,124.55
24-08-2015 09:15,120.18
25-08-2015 09:15,121.65
26-08-2015 09:15,124.65
27-08-2015 09:15,121.27
28-08-2015 09:15,120.38
31-08-2015 09:15,121.12
01-09-2015 09:15,120.49
02-09-2015 09:15,120.63
03-09-2015 09:15,117.36
04-09-2015 09:15,119.59
07-09-2015 09:15,119.04
08-09-2015 09:15,122.37
09-09-2015 09:15,119.32
10-09-2015 09:15,123.61
11-09-2015 09:15,124.05
14-09-2015 09:15,122.35
15-09-2015 09:15,123.52
16-09-2015 09:15,126.28
18-09-2015 09:15,120.85
21-09-2015 09:15,120.76
22-09-2015 09:15,122.02
23-09-2015 09:15,124.01
24-09-2015 09:15,125.63
28-09-2015 09:15,128.08
29-09-2015 09:15,129.39
30-09-2015 09:15,130.27
01-10-2015 09:15,129.63
05-10-2015 09:15,129.22
06-10-2015 09:15,128.48
07-10-2015 09:15,128.28
08-10-2015 09:15,125.56
09-10-2015 09:15,123.71
12-10-2015 09:15,123.77
13-10-2015 09:15,122.6
14-10-2015 09:15,124.11
15-10-2015 09:15,123.73
16-10-2015 09:15,121.09
19-10-2015 09:15,122.16
20-10-2015 09:15,119.41
21-10-2015 09:15,120.07
23-10-2015 09:15,119.14
26-10-2015 09:15,120.38
27-10-2015 09:15,120.4
28-10-2015 09:15,123.24
29-10-2015 09:15,125.87
30-10-2015 09:15,124.27
02-11-2015 09:15,125.68
03-11-2015 09:15,128.0
04-11-2015 09:15,128.57
05-11-2015 09:15,124.5
06-11-2015 09:15,122.59
09-11-2015 09:15,123.98
10-11-2015 09:15,121.13
11-11-2015 09:15,123.9
13-11-2015 09:15,122.12
16-11-2015 09:15,121.9
17-11-2015 09:15,121.54
18-11-2015 09:15,120.68
19-11-2015 09:15,121.48
20-11-2015 09:15,127.99
23-11-2015 09:15,127.04
24-11-2015 09:15,128.61
26-11-2015 09:15,127.99
27-11-2015 09:15,129.6
30-11-2015 09:15,129.08
01-12-2015 09:15,128.46
02-12-2015 09:15,125.98
03-12-2015 09:15,124.99
04-12-2015 09:15,126.34
07-12-2015 09:15,127.41
08-12-2015 09:15,126.66
09-12-2015 09:15,124.46
10-12-2015 09:15,124.8
11-12-2015 09:15,126.4
14-12-2015 09:15,126.17
15-12-2015 09:15,128.93
16-12-2015 09:15,127.88
17-12-2015 09:15,127.63
18-12-2015 09:15,127.32
21-12-2015 09:15,129.59
22-12-2015 09:15,129.16
23-12-2015 09:15,130.96
24-12-2015 09:15,131.23
28-12-2015 09:15,130.59
29-12-2015 09:15,128.24
30-12-2015 09:15,128.35
31-12-2015 09:15,128.37
01-01-2016 09:15,127.75
04-01-2016 09:15,128.08
05-01-2016 09:15,128.38
06-01-2016 09:15,129.57
07-01-2016 09:15,128.58
08-01-2016 09:15,129.78
11-01-2016 09:15,128.13
12-01-2016 09:15,128.83
13-01-2016 09:15,124.9
14-01-2016 09:15,125.16
15-01-2016 09:15,122.45
18-01-2016 09:15,119.82
19-01-2016 09:15,121.71
20-01-2016 09:15,118.99
21-01-2016 09:15,123.38
22-01-2016 09:15,122.51
25-01-2016 09:15,120.9
27-01-2016 09:15,124.53
28-01-2016 09:15,125.15
29-01-2016 09:15,126.4
01-02-2016 09:15,129.27
02-02-2016 09:15,128.66
03-02-2016 09:15,130.77
04-02-2016 09:15,134.49
05-02-2016 09:15,137.84
08-02-2016 09:15,140.33
09-02-2016 09:15,136.89
10-02-2016 09:15,137.93
11-02-2016 09:15,135.45
12-02-2016 09:15,139.56
15-02-2016 09:15,139.27
16-02-2016 09:15,134.85
17-02-2016 09:15,132.76
18-02-2016 09:15,129.1
19-02-2016 09:15,132.01
22-02-2016 09:15,132.74
23-02-2016 09:15,127.23
24-02-2016 09:15,128.5
25-02-2016 09:15,126.25
26-02-2016 09:15,127.24
29-02-2016 09:15,128.84
01-03-2016 09:15,129.52
02-03-2016 09:15,130.95
03-03-2016 09:15,133.18
04-03-2016 09:15,132.92
08-03-2016 09:15,132.74
09-03-2016 09:15,133.66
10-03-2016 09:15,137.99
11-03-2016 09:15,134.06
14-03-2016 09:15,133.73
15-03-2016 09:15,133.4
16-03-2016 09:15,130.58
17-03-2016 09:15,135.81
18-03-2016 09:15,134.02
21-03-2016 09:15,136.67
22-03-2016 09:15,137.11
23-03-2016 09:15,137.45
28-03-2016 09:15,139.17
29-03-2016 09:15,139.64
30-03-2016 09:15,139.88
31-03-2016 09:15,144.25
01-04-2016 09:15,146.49
04-04-2016 09:15,148.05
05-04-2016 09:15,147.99
06-04-2016 09:15,145.31
07-04-2016 09:15,149.09
08-04-2016 09:15,147.64
11-04-2016 09:15,152.95
12-04-2016 09:15,157.7
13-04-2016 09:15,157.99
18-04-2016 09:15,158.53
20-04-2016 09:15,156.98
21-04-2016 09:15,152.84
22-04-2016 09:15,157.28
25-04-2016 09:15,157.21
26-04-2016 09:15,158.0
27-04-2016 09:15,159.24
28-04-2016 09:15,159.29
29-04-2016 09:15,159.84
02-05-2016 09:15,170.19
03-05-2016 09:15,169.22
04-05-2016 09:15,174.98
05-05-2016 09:15,175.61
06-05-2016 09:15,179.09
09-05-2016 09:15,180.94
10-05-2016 09:15,180.17
11-05-2016 09:15,180.04
12-05-2016 09:15,178.76
13-05-2016 09:15,179.77
16-05-2016 09:15,180.18
17-05-2016 09:15,177.79
18-05-2016 09:15,176.71
19-05-2016 09:15,175.27
20-05-2016 09:15,176.25
23-05-2016 09:15,175.32
24-05-2016 09:15,179.23
25-05-2016 09:15,178.46
26-05-2016 09:15,174.81
27-05-2016 09:15,177.06
30-05-2016 09:15,189.87
31-05-2016 09:15,195.11
01-06-2016 09:15,196.19
02-06-2016 09:15,205.34
03-06-2016 09:15,202.61
06-06-2016 09:15,201.17
07-06-2016 09:15,199.38
08-06-2016 09:15,202.26
09-06-2016 09:15,198.75
10-06-2016 09:15,195.86
13-06-2016 09:15,191.88
14-06-2016 09:15,189.91
15-06-2016 09:15,184.64
16-06-2016 09:15,184.11
17-06-2016 09:15,183.52
20-06-2016 09:15,188.13
21-06-2016 09:15,187.61
22-06-2016 09:15,186.57
23-06-2016 09:15,186.36
24-06-2016 09:15,185.21
27-06-2016 09:15,191.99
28-06-2016 09:15,191.46
29-06-2016 09:15,189.75
30-06-2016 09:15,189.71
01-07-2016 09:15,195.67
04-07-2016 09:15,192.8
05-07-2016 09:15,192.0
07-07-2016 09:15,192.99
08-07-2016 09:15,193.33
11-07-2016 09:15,190.84
12-07-2016 09:15,192.61
13-07-2016 09:15,192.35
14-07-2016 09:15,191.27
15-07-2016 09:15,191.78
18-07-2016 09:15,191.42
19-07-2016 09:15,193.66
20-07-2016 09:15,195.18
21-07-2016 09:15,200.48
22-07-2016 09:15,204.22
25-07-2016 09:15,204.94
26-07-2016 09:15,208.01
27-07-2016 09:15,218.15
28-07-2016 09:15,216.23
29-07-2016 09:15,218.47
01-08-2016 09:15,230.43
02-08-2016 09:15,230.57
03-08-2016 09:15,224.4
04-08-2016 09:15,223.36
05-08-2016 09:15,224.76
08-08-2016 09:15,232.91
09-08-2016 09:15,228.17
10-08-2016 09:15,225.24
11-08-2016 09:15,219.81
12-08-2016 09:15,218.87
16-08-2016 09:15,222.46
17-08-2016 09:15,225.51
18-08-2016 09:15,222.57
19-08-2016 09:15,223.44
22-08-2016 09:15,221.2
23-08-2016 09:15,217.7
24-08-2016 09:15,217.45
25-08-2016 09:15,220.86
26-08-2016 09:15,231.93
29-08-2016 09:15,233.43
30-08-2016 09:15,234.05
31-08-2016 09:15,231.9
01-09-2016 09:15,233.22
02-09-2016 09:15,219.72
06-09-2016 09:15,221.86
07-09-2016 09:15,222.66
08-09-2016 09:15,219.9
09-09-2016 09:15,220.57
12-09-2016 09:15,212.43
14-09-2016 09:15,214.86
15-09-2016 09:15,219.82
16-09-2016 09:15,219.65
19-09-2016 09:15,216.96
20-09-2016 09:15,216.66
21-09-2016 09:15,215.4
22-09-2016 09:15,223.01
23-09-2016 09:15,223.43
26-09-2016 09:15,226.33
27-09-2016 09:15,227.17
28-09-2016 09:15,227.72
29-09-2016 09:15,224.68
30-09-2016 09:15,231.47
03-10-2016 09:15,236.21
04-10-2016 09:15,242.17
05-10-2016 09:15,245.63
06-10-2016 09:15,242.12
07-10-2016 09:15,239.78
10-10-2016 09:15,236.75
13-10-2016 09:15,237.2
14-10-2016 09:15,240.95
17-10-2016 09:15,240.32
18-10-2016 09:15,239.13
19-10-2016 09:15,237.55
20-10-2016 09:15,237.09
21-10-2016 09:15,241.73
24-10-2016 09:15,237.95
25-10-2016 09:15,235.14
26-10-2016 09:15,230.71
27-10-2016 09:15,227.83
28-10-2016 09:15,237.08
30-10-2016 09:15,237.16
01-11-2016 09:15,233.29
02-11-2016 09:15,232.51
03-11-2016 09:15,227.27
04-11-2016 09:15,223.66
07-11-2016 09:15,223.34
08-11-2016 09:15,221.64
09-11-2016 09:15,210.04
10-11-2016 09:15,197.5
11-11-2016 09:15,187.14
15-11-2016 09:15,181.47
16-11-2016 09:15,195.31
17-11-2016 09:15,202.91
18-11-2016 09:15,196.88
21-11-2016 09:15,196.81
22-11-2016 09:15,199.44
23-11-2016 09:15,198.06
24-11-2016 09:15,193.2
25-11-2016 09:15,199.04
28-11-2016 09:15,192.15
29-11-2016 09:15,195.7
30-11-2016 09:15,194.09
01-12-2016 09:15,192.39
02-12-2016 09:15,188.43
05-12-2016 09:15,183.62
06-12-2016 09:15,182.07
07-12-2016 09:15,174.98
08-12-2016 09:15,177.92
09-12-2016 09:15,177.29
12-12-2016 09:15,173.98
13-12-2016 09:15,167.67
14-12-2016 09:15,162.15
15-12-2016 09:15,168.89
16-12-2016 09:15,165.4
19-12-2016 09:15,171.38
20-12-2016 09:15,174.09
21-12-2016 09:15,180.66
22-12-2016 09:15,180.44
23-12-2016 09:15,186.96
26-12-2016 09:15,186.12
27-12-2016 09:15,189.44
28-12-2016 09:15,187.87
29-12-2016 09:15,197.64
30-12-2016 09:15,189.32
02-01-2017 09:15,189.99
03-01-2017 09:15,191.81
04-01-2017 09:15,190.66
05-01-2017 09:15,186.36
06-01-2017 09:15,188.57
09-01-2017 09:15,189.78
10-01-2017 09:15,191.47
11-01-2017 09:15,191.22
12-01-2017 09:15,189.79
13-01-2017 09:15,188.02
16-01-2017 09:15,189.88
17-01-2017 09:15,191.61
18-01-2017 09:15,199.97
19-01-2017 09:15,198.3
20-01-2017 09:15,197.36
23-01-2017 09:15,197.87
24-01-2017 09:15,202.0
25-01-2017 09:15,208.0
27-01-2017 09:15,209.62
30-01-2017 09:15,204.44
31-01-2017 09:15,205.77
01-02-2017 09:15,205.56
02-02-2017 09:15,208.81
03-02-2017 09:15,208.79
06-02-2017 09:15,208.6
07-02-2017 09:15,210.55
08-02-2017 09:15,204.44
09-02-2017 09:15,203.34
10-02-2017 09:15,203.89
13-02-2017 09:15,203.32
14-02-2017 09:15,201.9
15-02-2017 09:15,199.0
16-02-2017 09:15,204.1
17-02-2017 09:15,204.2
20-02-2017 09:15,204.24
21-02-2017 09:15,204.54
22-02-2017 09:15,203.52
23-02-2017 09:15,203.48
27-02-2017 09:15,194.07
28-02-2017 09:15,194.74
01-03-2017 09:15,194.78
02-03-2017 09:15,190.32
03-03-2017 09:15,192.69
06-03-2017 09:15,190.85
07-03-2017 09:15,186.81
08-03-2017 09:15,188.92
09-03-2017 09:15,187.32
10-03-2017 09:15,183.07
14-03-2017 09:15,190.75
15-03-2017 09:15,197.61
16-03-2017 09:15,198.02
17-03-2017 09:15,192.58
20-03-2017 09:15,194.93
21-03-2017 09:15,196.02
22-03-2017 09:15,194.15
23-03-2017 09:15,199.97
24-03-2017 09:15,198.77
27-03-2017 09:15,201.36
28-03-2017 09:15,196.34
29-03-2017 09:15,194.71
30-03-2017 09:15,192.12
31-03-2017 09:15,193.01
03-04-2017 09:15,194.62
05-04-2017 09:15,195.78
06-04-2017 09:15,197.34
07-04-2017 09:15,200.9
10-04-2017 09:15,210.62
11-04-2017 09:15,215.67
12-04-2017 09:15,213.93
13-04-2017 09:15,212.87
17-04-2017 09:15,209.86
18-04-2017 09:15,209.74
19-04-2017 09:15,201.89
20-04-2017 09:15,206.8
21-04-2017 09:15,210.85
24-04-2017 09:15,219.24
25-04-2017 09:15,221.41
26-04-2017 09:15,227.54
27-04-2017 09:15,221.08
28-04-2017 09:15,222.36
02-05-2017 09:15,218.4
03-05-2017 09:15,218.65
04-05-2017 09:15,217.01
05-05-2017 09:15,218.22
08-05-2017 09:15,218.04
09-05-2017 09:15,215.71
10-05-2017 09:15,217.57
11-05-2017 09:15,218.88
12-05-2017 09:15,213.87
15-05-2017 09:15,209.92
16-05-2017 09:15,204.97
17-05-2017 09:15,208.86
18-05-2017 09:15,207.0
19-05-2017 09:15,207.99
22-05-2017 09:15,208.42
23-05-2017 09:15,204.13
24-05-2017 09:15,201.75
25-05-2017 09:15,198.48
26-05-2017 09:15,201.99
29-05-2017 09:15,206.4
30-05-2017 09:15,199.87
31-05-2017 09:15,205.57
01-06-2017 09:15,208.26
02-06-2017 09:15,207.02
05-06-2017 09:15,209.27
06-06-2017 09:15,205.88
07-06-2017 09:15,208.57
08-06-2017 09:15,207.04
09-06-2017 09:15,208.44
12-06-2017 09:15,208.45
13-06-2017 09:15,218.81
14-06-2017 09:15,218.81
15-06-2017 09:15,222.85
16-06-2017 09:15,218.27
19-06-2017 09:15,217.75
20-06-2017 09:15,226.32
21-06-2017 09:15,223.36
22-06-2017 09:15,216.79
23-06-2017 09:15,212.59
27-06-2017 09:15,215.87
28-06-2017 09:15,216.68
29-06-2017 09:15,219.24
30-06-2017 09:15,224.84
03-07-2017 09:15,221.52
04-07-2017 09:15,218.44
05-07-2017 09:15,223.42
06-07-2017 09:15,226.77
07-07-2017 09:15,227.7
10-07-2017 09:15,226.11
11-07-2017 09:15,225.51
12-07-2017 09:15,222.23
13-07-2017 09:15,233.32
14-07-2017 09:15,230.82
17-07-2017 09:15,229.01
18-07-2017 09:15,224.37
19-07-2017 09:15,229.76
20-07-2017 09:15,228.82
21-07-2017 09:15,227.08
24-07-2017 09:15,225.9
25-07-2017 09:15,231.49
26-07-2017 09:15,229.32
27-07-2017 09:15,235.68
28-07-2017 09:15,235.97
31-07-2017 09:15,239.64
01-08-2017 09:15,235.06
02-08-2017 09:15,234.86
03-08-2017 09:15,232.31
04-08-2017 09:15,236.08
07-08-2017 09:15,241.24
08-08-2017 09:15,240.47
09-08-2017 09:15,234.2
10-08-2017 09:15,231.8
11-08-2017 09:15,228.69
14-08-2017 09:15,230.18
16-08-2017 09:15,232.05
17-08-2017 09:15,231.08
18-08-2017 09:15,231.48
21-08-2017 09:15,230.11
22-08-2017 09:15,228.39
23-08-2017 09:15,229.42
24-08-2017 09:15,229.18
28-08-2017 09:15,231.91
29-08-2017 09:15,229.45
30-08-2017 09:15,236.45
31-08-2017 09:15,232.57
01-09-2017 09:15,230.01
04-09-2017 09:15,227.03
05-09-2017 09:15,228.73
06-09-2017 09:15,233.91
07-09-2017 09:15,232.67
08-09-2017 09:15,232.16
11-09-2017 09:15,234.83
12-09-2017 09:15,237.76
13-09-2017 09:15,234.19
14-09-2017 09:15,235.43
15-09-2017 09:15,232.75
18-09-2017 09:15,233.86
19-09-2017 09:15,233.05
20-09-2017 09:15,234.39
21-09-2017 09:15,233.78
22-09-2017 09:15,227.63
25-09-2017 09:15,219.35
26-09-2017 09:15,214.94
27-09-2017 09:15,212.85
28-09-2017 09:15,216.84
29-09-2017 09:15,218.45
03-10-2017 09:15,221.63
04-10-2017 09:15,219.9
05-10-2017 09:15,218.53
06-10-2017 09:15,223.62
09-10-2017 09:15,224.05
10-10-2017 09:15,224.18
11-10-2017 09:15,222.18
12-10-2017 09:15,230.48
13-10-2017 09:15,227.37
16-10-2017 09:15,225.57
17-10-2017 09:15,226.69
18-10-2017 09:15,225.83
19-10-2017 09:15,223.33
23-10-2017 09:15,228.32
24-10-2017 09:15,235.42
25-10-2017 09:15,218.65
26-10-2017 09:15,222.75
27-10-2017 09:15,224.72
30-10-2017 09:15,228.24
31-10-2017 09:15,230.24
01-11-2017 09:15,244.98
02-11-2017 09:15,248.78
03-11-2017 09:15,248.29
06-11-2017 09:15,253.11
07-11-2017 09:15,253.74
08-11-2017 09:15,253.43
09-11-2017 09:15,254.72
10-11-2017 09:15,253.98
13-11-2017 09:15,249.36
14-11-2017 09:15,250.1
15-11-2017 09:15,249.6
16-11-2017 09:15,259.89
17-11-2017 09:15,254.81
20-11-2017 09:15,257.35
21-11-2017 09:15,257.89
22-11-2017 09:15,255.89
23-11-2017 09:15,254.83
24-11-2017 09:15,254.13
27-11-2017 09:15,253.78
28-11-2017 09:15,256.03
29-11-2017 09:15,257.17
30-11-2017 09:15,255.75
01-12-2017 09:15,256.89
04-12-2017 09:15,258.78
05-12-2017 09:15,261.11
06-12-2017 09:15,256.01
07-12-2017 09:15,257.32
08-12-2017 09:15,259.91
11-12-2017 09:15,258.6
12-12-2017 09:15,255.18
13-12-2017 09:15,258.42
14-12-2017 09:15,259.85
15-12-2017 09:15,257.94
18-12-2017 09:15,255.09
19-12-2017 09:15,257.48
20-12-2017 09:15,259.97
21-12-2017 09:15,259.31
22-12-2017 09:15,258.92
26-12-2017 09:15,258.63
27-12-2017 09:15,257.29
28-12-2017 09:15,257.49
29-12-2017 09:15,259.91
01-01-2018 09:15,263.57
02-01-2018 09:15,259.28
03-01-2018 09:15,261.87
04-01-2018 09:15,261.9
05-01-2018 09:15,261.62
08-01-2018 09:15,264.38
09-01-2018 09:15,266.58
10-01-2018 09:15,260.18
11-01-2018 09:15,261.76
12-01-2018 09:15,262.16
15-01-2018 09:15,263.23
16-01-2018 09:15,266.56
17-01-2018 09:15,268.98
18-01-2018 09:15,262.92
19-01-2018 09:15,264.54
22-01-2018 09:15,261.82
23-01-2018 09:15,262.18
24-01-2018 09:15,261.19
25-01-2018 09:15,261.5
29-01-2018 09:15,261.94
30-01-2018 09:15,257.54
31-01-2018 09:15,257.21
01-02-2018 09:15,266.96
02-02-2018 09:15,254.91
05-02-2018 09:15,254.72
06-02-2018 09:15,256.99
07-02-2018 09:15,259.19
08-02-2018 09:15,261.06
09-02-2018 09:15,264.51
12-02-2018 09:15,273.01
14-02-2018 09:15,277.99
15-02-2018 09:15,277.02
16-02-2018 09:15,270.42
19-02-2018 09:15,270.2
20-02-2018 09:15,266.56
21-02-2018 09:15,276.32
22-02-2018 09:15,275.8
23-02-2018 09:15,283.12
26-02-2018 09:15,288.22
27-02-2018 09:15,292.91
28-02-2018 09:15,293.99
01-03-2018 09:15,290.3
05-03-2018 09:15,290.74
06-03-2018 09:15,286.83
07-03-2018 09:15,282.65
08-03-2018 09:15,285.08
09-03-2018 09:15,280.49
12-03-2018 09:15,289.1
13-03-2018 09:15,289.23
14-03-2018 09:15,293.08
15-03-2018 09:15,295.84
16-03-2018 09:15,292.76
19-03-2018 09:15,287.29
20-03-2018 09:15,288.97
21-03-2018 09:15,289.48
22-03-2018 09:15,284.84
23-03-2018 09:15,277.8
26-03-2018 09:15,287.48
27-03-2018 09:15,293.73
28-03-2018 09:15,290.09
02-04-2018 09:15,294.7
03-04-2018 09:15,303.27
04-04-2018 09:15,298.02
05-04-2018 09:15,304.95
06-04-2018 09:15,304.81
09-04-2018 09:15,307.68
10-04-2018 09:15,312.83
11-04-2018 09:15,311.31
12-04-2018 09:15,308.67
13-04-2018 09:15,313.78
16-04-2018 09:15,314.95
17-04-2018 09:15,317.46
18-04-2018 09:15,315.79
19-04-2018 09:15,316.04
20-04-2018 09:15,312.47
23-04-2018 09:15,333.35
24-04-2018 09:15,329.93
25-04-2018 09:15,337.14
26-04-2018 09:15,337.8
27-04-2018 09:15,347.22
30-04-2018 09:15,348.29
02-05-2018 09:15,342.09
03-05-2018 09:15,333.27
04-05-2018 09:15,328.53
07-05-2018 09:15,333.66
08-05-2018 09:15,332.41
09-05-2018 09:15,320.41
10-05-2018 09:15,315.6
11-05-2018 09:15,317.79
14-05-2018 09:15,314.82
15-05-2018 09:15,315.45
16-05-2018 09:15,307.26
17-05-2018 09:15,321.5
18-05-2018 09:15,311.66
21-05-2018 09:15,307.55
22-05-2018 09:15,307.11
23-05-2018 09:15,298.14
24-05-2018 09:15,298.82
25-05-2018 09:15,301.48
28-05-2018 09:15,309.33
29-05-2018 09:15,308.62
30-05-2018 09:15,308.61
31-05-2018 09:15,305.74
01-06-2018 09:15,316.32
04-06-2018 09:15,315.45
05-06-2018 09:15,308.08
06-06-2018 09:15,311.9
07-06-2018 09:15,315.72
08-06-2018 09:15,313.22
11-06-2018 09:15,314.84
12-06-2018 09:15,323.6
13-06-2018 09:15,320.22
14-06-2018 09:15,320.38
15-06-2018 09:15,322.22
18-06-2018 09:15,322.36
19-06-2018 09:15,324.26
20-06-2018 09:15,327.09
21-06-2018 09:15,321.77
22-06-2018 09:15,320.62
25-06-2018 09:15,323.2
26-06-2018 09:15,319.38
27-06-2018 09:15,315.43
28-06-2018 09:15,293.63
29-06-2018 09:15,302.52
02-07-2018 09:15,302.09
03-07-2018 09:15,302.49
04-07-2018 09:15,300.39
05-07-2018 09:15,298.4
06-07-2018 09:15,297.11
09-07-2018 09:15,300.06
10-07-2018 09:15,318.29
11-07-2018 09:15,314.67
12-07-2018 09:15,313.42
13-07-2018 09:15,315.45
16-07-2018 09:15,307.59
17-07-2018 09:15,315.77
18-07-2018 09:15,306.09
19-07-2018 09:15,297.88
20-07-2018 09:15,304.08
23-07-2018 09:15,307.78
24-07-2018 09:15,301.9
25-07-2018 09:15,299.46
26-07-2018 09:15,308.88
27-07-2018 09:15,292.67
30-07-2018 09:15,287.91
31-07-2018 09:15,286.13
01-08-2018 09:15,292.35
02-08-2018 09:15,283.95
03-08-2018 09:15,285.96
06-08-2018 09:15,286.22
07-08-2018 09:15,287.6
08-08-2018 09:15,290.42
09-08-2018 09:15,288.71
10-08-2018 09:15,288.93
13-08-2018 09:15,288.54
14-08-2018 09:15,294.38
16-08-2018 09:15,292.99
17-08-2018 09:15,297.48
20-08-2018 09:15,293.73
21-08-2018 09:15,295.61
23-08-2018 09:15,292.66
24-08-2018 09:15,291.68
27-08-2018 09:15,290.8
28-08-2018 09:15,290.95
29-08-2018 09:15,289.55
30-08-2018 09:15,292.55
31-08-2018 09:15,295.23
03-09-2018 09:15,301.94
04-09-2018 09:15,294.49
05-09-2018 09:15,288.5
06-09-2018 09:15,280.33
07-09-2018 09:15,287.98
10-09-2018 09:15,277.9
11-09-2018 09:15,262.19
12-09-2018 09:15,261.89
14-09-2018 09:15,264.91
17-09-2018 09:15,263.41
18-09-2018 09:15,263.94
19-09-2018 09:15,263.87
21-09-2018 09:15,255.12
24-09-2018 09:15,236.16
25-09-2018 09:15,246.08
26-09-2018 09:15,243.11
27-09-2018 09:15,235.83
28-09-2018 09:15,233.35
01-10-2018 09:15,247.07
03-10-2018 09:15,239.61
04-10-2018 09:15,238.58
05-10-2018 09:15,222.23
08-10-2018 09:15,211.07
09-10-2018 09:15,212.91
10-10-2018 09:15,233.01
11-10-2018 09:15,221.94
12-10-2018 09:15,237.84
15-10-2018 09:15,238.76
16-10-2018 09:15,241.77
17-10-2018 09:15,226.18
19-10-2018 09:15,222.74
22-10-2018 09:15,229.47
23-10-2018 09:15,222.35
24-10-2018 09:15,236.49
25-10-2018 09:15,236.0
26-10-2018 09:15,241.15
29-10-2018 09:15,253.7
30-10-2018 09:15,248.75
31-10-2018 09:15,254.1
01-11-2018 09:15,267.81
02-11-2018 09:15,264.64
05-11-2018 09:15,262.83
06-11-2018 09:15,258.07
07-11-2018 09:15,258.7
09-11-2018 09:15,262.0
12-11-2018 09:15,264.75
13-11-2018 09:15,265.82
14-11-2018 09:15,256.2
15-11-2018 09:15,258.95
16-11-2018 09:15,251.1
19-11-2018 09:15,249.67
20-11-2018 09:15,252.04
21-11-2018 09:15,256.73
22-11-2018 09:15,261.83
26-11-2018 09:15,257.77
27-11-2018 09:15,261.96
28-11-2018 09:15,258.85
29-11-2018 09:15,266.84
30-11-2018 09:15,262.8
03-12-2018 09:15,262.86
04-12-2018 09:15,259.8
05-12-2018 09:15,255.61
06-12-2018 09:15,245.61
07-12-2018 09:15,245.06
10-12-2018 09:15,239.52
11-12-2018 09:15,237.92
12-12-2018 09:15,247.92
13-12-2018 09:15,247.62
14-12-2018 09:15,245.9
17-12-2018 09:15,246.43
18-12-2018 09:15,243.97
19-12-2018 09:15,256.32
20-12-2018 09:15,251.88
21-12-2018 09:15,244.61
24-12-2018 09:15,245.08
26-12-2018 09:15,244.56
27-12-2018 09:15,245.75
28-12-2018 09:15,249.38
31-12-2018 09:15,251.94
01-01-2019 09:15,251.03
02-01-2019 09:15,247.39
03-01-2019 09:15,240.09
04-01-2019 09:15,241.52
07-01-2019 09:15,239.53
08-01-2019 09:15,239.93
09-01-2019 09:15,239.79
10-01-2019 09:15,238.88
11-01-2019 09:15,236.43
14-01-2019 09:15,237.87
15-01-2019 09:15,238.18
16-01-2019 09:15,238.4
17-01-2019 09:15,239.24
18-01-2019 09:15,235.23
21-01-2019 09:15,234.1
22-01-2019 09:15,227.84
23-01-2019 09:15,228.99
24-01-2019 09:15,231.89
25-01-2019 09:15,229.57
28-01-2019 09:15,225.67
29-01-2019 09:15,221.82
30-01-2019 09:15,226.27
31-01-2019 09:15,234.46
01-02-2019 09:15,243.27
04-02-2019 09:15,244.36
05-02-2019 09:15,247.47
06-02-2019 09:15,249.52
07-02-2019 09:15,250.31
08-02-2019 09:15,245.64
11-02-2019 09:15,241.6
12-02-2019 09:15,239.04
13-02-2019 09:15,240.54
14-02-2019 09:15,239.82
15-02-2019 09:15,237.49
18-02-2019 09:15,230.69
19-02-2019 09:15,232.01
20-02-2019 09:15,236.65
21-02-2019 09:15,233.99
22-02-2019 09:15,237.66
25-02-2019 09:15,239.32
26-02-2019 09:15,240.05
27-02-2019 09:15,243.39
28-02-2019 09:15,246.22
01-03-2019 09:15,253.83
05-03-2019 09:15,257.23
06-03-2019 09:15,261.54
07-03-2019 09:15,259.44
08-03-2019 09:15,257.84
11-03-2019 09:15,271.84
12-03-2019 09:15,273.96
13-03-2019 09:15,270.87
14-03-2019 09:15,272.35
15-03-2019 09:15,278.02
18-03-2019 09:15,278.01
19-03-2019 09:15,274.88
20-03-2019 09:15,274.56
22-03-2019 09:15,269.55
25-03-2019 09:15,265.88
26-03-2019 09:15,276.44
27-03-2019 09:15,285.67
28-03-2019 09:15,290.03
29-03-2019 09:15,290.48
01-04-2019 09:15,301.99
02-04-2019 09:15,297.53
03-04-2019 09:15,292.68
04-04-2019 09:15,290.65
05-04-2019 09:15,296.87
08-04-2019 09:15,294.28
09-04-2019 09:15,296.49
10-04-2019 09:15,294.5
11-04-2019 09:15,298.78
12-04-2019 09:15,296.27
15-04-2019 09:15,296.29
16-04-2019 09:15,297.84
18-04-2019 09:15,296.08
22-04-2019 09:15,285.35
23-04-2019 09:15,283.66
24-04-2019 09:15,284.84
25-04-2019 09:15,284.39
26-04-2019 09:15,281.54
30-04-2019 09:15,277.76
02-05-2019 09:15,267.74
03-05-2019 09:15,263.45
06-05-2019 09:15,258.73
07-05-2019 09:15,260.91
08-05-2019 09:15,256.42
09-05-2019 09:15,264.19
10-05-2019 09:15,258.79
13-05-2019 09:15,249.56
14-05-2019 09:15,255.29
15-05-2019 09:15,257.43
16-05-2019 09:15,259.99
17-05-2019 09:15,270.17
20-05-2019 09:15,285.52
21-05-2019 09:15,283.9
22-05-2019 09:15,283.6
23-05-2019 09:15,283.75
24-05-2019 09:15,296.96
27-05-2019 09:15,302.61
28-05-2019 09:15,299.19
29-05-2019 09:15,293.84
30-05-2019 09:15,301.48
31-05-2019 09:15,306.54
03-06-2019 09:15,306.48
04-06-2019 09:15,304.64
06-06-2019 09:15,293.43
07-06-2019 09:15,295.42
10-06-2019 09:15,293.3
11-06-2019 09:15,302.7
12-06-2019 09:15,296.4
13-06-2019 09:15,294.24
14-06-2019 09:15,291.35
17-06-2019 09:15,290.25
18-06-2019 09:15,289.9
19-06-2019 09:15,283.6
20-06-2019 09:15,283.1
21-06-2019 09:15,275.6
24-06-2019 09:15,274.7
25-06-2019 09:15,277.95
26-06-2019 09:15,282.65
27-06-2019 09:15,285.65
28-06-2019 09:15,285.65
01-07-2019 09:15,283.05
02-07-2019 09:15,285.7
03-07-2019 09:15,291.5
04-07-2019 09:15,291.7
05-07-2019 09:15,288.6
08-07-2019 09:15,276.35
09-07-2019 09:15,283.1
10-07-2019 09:15,279.85
11-07-2019 09:15,280.9
12-07-2019 09:15,281.75
15-07-2019 09:15,275.75
16-07-2019 09:15,277.05
17-07-2019 09:15,276.25
18-07-2019 09:15,270.8
19-07-2019 09:15,265.0
22-07-2019 09:15,254.95
23-07-2019 09:15,249.55
24-07-2019 09:15,238.55
25-07-2019 09:15,249.05
26-07-2019 09:15,245.45
29-07-2019 09:15,248.2
30-07-2019 09:15,243.4
31-07-2019 09:15,259.65
01-08-2019 09:15,259.6
02-08-2019 09:15,266.6
05-08-2019 09:15,261.05
06-08-2019 09:15,268.25
07-08-2019 09:15,273.2
08-08-2019 09:15,271.3
09-08-2019 09:15,272.3
13-08-2019 09:15,261.75
14-08-2019 09:15,265.45
16-08-2019 09:15,265.35
19-08-2019 09:15,264.15
20-08-2019 09:15,259.1
21-08-2019 09:15,255.65
22-08-2019 09:15,249.15
23-08-2019 09:15,260.65
26-08-2019 09:15,273.0
27-08-2019 09:15,270.2
28-08-2019 09:15,266.45
29-08-2019 09:15,267.45
30-08-2019 09:15,268.7
03-09-2019 09:15,267.55
04-09-2019 09:15,269.75
05-09-2019 09:15,268.4
06-09-2019 09:15,269.2
09-09-2019 09:15,272.8
11-09-2019 09:15,275.95
12-09-2019 09:15,276.45
13-09-2019 09:15,274.9
16-09-2019 09:15,271.95
17-09-2019 09:15,265.25
18-09-2019 09:15,267.45
19-09-2019 09:15,263.4
20-09-2019 09:15,290.35
23-09-2019 09:15,302.35
24-09-2019 09:15,303.15
25-09-2019 09:15,296.05
26-09-2019 09:15,310.1
27-09-2019 09:15,310.6
30-09-2019 09:15,307.8
01-10-2019 09:15,293.55
03-10-2019 09:15,290.1
04-10-2019 09:15,289.65
07-10-2019 09:15,290.5
09-10-2019 09:15,296.2
10-10-2019 09:15,283.3
11-10-2019 09:15,283.95
14-10-2019 09:15,285.1
15-10-2019 09:15,279.85
16-10-2019 09:15,270.6
17-10-2019 09:15,287.5
18-10-2019 09:15,302.5
22-10-2019 09:15,294.55
23-10-2019 09:15,288.7
24-10-2019 09:15,293.0
25-10-2019 09:15,285.9
27-10-2019 09:15,287.25
29-10-2019 09:15,296.95
30-10-2019 09:15,307.1
31-10-2019 09:15,305.0
01-11-2019 09:15,313.2
04-11-2019 09:15,316.0
05-11-2019 09:15,316.6
06-11-2019 09:15,302.4
07-11-2019 09:15,297.95
08-11-2019 09:15,296.65
11-11-2019 09:15,296.75
13-11-2019 09:15,297.3
14-11-2019 09:15,308.95
15-11-2019 09:15,329.15
18-11-2019 09:15,329.85
19-11-2019 09:15,325.4
20-11-2019 09:15,319.9
21-11-2019 09:15,317.05
22-11-2019 09:15,314.35
25-11-2019 09:15,317.4
26-11-2019 09:15,310.9
27-11-2019 09:15,315.3
28-11-2019 09:15,317.05
29-11-2019 09:15,312.15
02-12-2019 09:15,307.55
03-12-2019 09:15,302.0
04-12-2019 09:15,301.65
05-12-2019 09:15,301.25
06-12-2019 09:15,300.45
09-12-2019 09:15,306.2
10-12-2019 09:15,303.85
11-12-2019 09:15,302.8
12-12-2019 09:15,313.05
13-12-2019 09:15,316.5
16-12-2019 09:15,309.1
17-12-2019 09:15,310.75
18-12-2019 09:15,308.85
19-12-2019 09:15,304.75
20-12-2019 09:15,306.8
23-12-2019 09:15,303.8
24-12-2019 09:15,301.85
26-12-2019 09:15,301.1
27-12-2019 09:15,304.4
30-12-2019 09:15,305.65
31-12-2019 09:15,305.5
01-01-2020 09:15,302.85
02-01-2020 09:15,309.2
03-01-2020 09:15,303.05
06-01-2020 09:15,291.5
07-01-2020 09:15,294.75
08-01-2020 09:15,294.6
09-01-2020 09:15,306.4
10-01-2020 09:15,314.1
13-01-2020 09:15,319.95
14-01-2020 09:15,320.5
15-01-2020 09:15,331.65
16-01-2020 09:15,327.1
17-01-2020 09:15,325.25
20-01-2020 09:15,319.2
21-01-2020 09:15,314.95
22-01-2020 09:15,317.5
23-01-2020 09:15,323.5
24-01-2020 09:15,323.8
27-01-2020 09:15,329.45
28-01-2020 09:15,325.8
29-01-2020 09:15,327.65
30-01-2020 09:15,326.85
31-01-2020 09:15,327.55
01-02-2020 09:15,318.55
03-02-2020 09:15,324.95
04-02-2020 09:15,332.25
05-02-2020 09:15,342.65
06-02-2020 09:15,340.2
07-02-2020 09:15,339.95
10-02-2020 09:15,335.6
11-02-2020 09:15,333.3
12-02-2020 09:15,338.85
13-02-2020 09:15,337.0
14-02-2020 09:15,332.75
17-02-2020 09:15,331.45
18-02-2020 09:15,327.9
19-02-2020 09:15,329.3
20-02-2020 09:15,332.0
24-02-2020 09:15,323.25
25-02-2020 09:15,325.35
26-02-2020 09:15,318.1
27-02-2020 09:15,314.55
28-02-2020 09:15,306.5
02-03-2020 09:15,302.0
03-03-2020 09:15,306.2
04-03-2020 09:15,295.6
05-03-2020 09:15,289.55
06-03-2020 09:15,280.55
09-03-2020 09:15,274.0
11-03-2020 09:15,262.1
12-03-2020 09:15,243.15
13-03-2020 09:15,245.35
16-03-2020 09:15,228.3
17-03-2020 09:15,217.4
18-03-2020 09:15,200.5
19-03-2020 09:15,183.75
20-03-2020 09:15,193.25
23-03-2020 09:15,136.05
24-03-2020 09:15,143.2
25-03-2020 09:15,157.85
26-03-2020 09:15,167.8
27-03-2020 09:15,169.15
30-03-2020 09:15,160.5
31-03-2020 09:15,152.85
01-04-2020 09:15,142.85
03-04-2020 09:15,124.65
07-04-2020 09:15,130.5
08-04-2020 09:15,150.75
09-04-2020 09:15,171.75
13-04-2020 09:15,150.15
15-04-2020 09:15,153.65
16-04-2020 09:15,159.4
17-04-2020 09:15,176.6
20-04-2020 09:15,155.75
21-04-2020 09:15,143.65
22-04-2020 09:15,150.35
23-04-2020 09:15,151.8
24-04-2020 09:15,132.9
27-04-2020 09:15,134.3
28-04-2020 09:15,147.2
29-04-2020 09:15,150.65
30-04-2020 09:15,159.45
04-05-2020 09:15,141.7
05-05-2020 09:15,142.05
06-05-2020 09:15,150.05
07-05-2020 09:15,148.85
08-05-2020 09:15,144.1
11-05-2020 09:15,151.9
12-05-2020 09:15,150.9
13-05-2020 09:15,157.7
14-05-2020 09:15,148.25
15-05-2020 09:15,149.35
18-05-2020 09:15,125.0
19-05-2020 09:15,127.1
20-05-2020 09:15,135.15
21-05-2020 09:15,129.85
22-05-2020 09:15,123.2
26-05-2020 09:15,122.1
27-05-2020 09:15,135.3
28-05-2020 09:15,135.1
29-05-2020 09:15,141.7
01-06-2020 09:15,152.1
02-06-2020 09:15,157.9
03-06-2020 09:15,155.85
04-06-2020 09:15,142.6
05-06-2020 09:15,145.4
08-06-2020 09:15,146.65
09-06-2020 09:15,150.4
10-06-2020 09:15,155.7
11-06-2020 09:15,150.95
12-06-2020 09:15,160.05
15-06-2020 09:15,155.3
16-06-2020 09:15,155.45
17-06-2020 09:15,168.2
18-06-2020 09:15,178.0
19-06-2020 09:15,196.8
22-06-2020 09:15,204.7
23-06-2020 09:15,204.15
24-06-2020 09:15,196.8
25-06-2020 09:15,205.95
26-06-2020 09:15,201.8
29-06-2020 09:15,193.0
30-06-2020 09:15,189.4
01-07-2020 09:15,197.0
02-07-2020 09:15,197.1
03-07-2020 09:15,196.7
06-07-2020 09:15,201.1
07-07-2020 09:15,213.1
08-07-2020 09:15,205.3
09-07-2020 09:15,208.9
10-07-2020 09:15,208.45
13-07-2020 09:15,205.25
14-07-2020 09:15,199.0
15-07-2020 09:15,202.2
16-07-2020 09:15,209.65
17-07-2020 09:15,207.2
20-07-2020 09:15,215.2
21-07-2020 09:15,212.55
22-07-2020 09:15,220.9
23-07-2020 09:15,222.55
24-07-2020 09:15,212.35
27-07-2020 09:15,208.8
28-07-2020 09:15,215.65
29-07-2020 09:15,221.4
30-07-2020 09:15,214.2
31-07-2020 09:15,202.5
03-08-2020 09:15,201.0
04-08-2020 09:15,200.55
05-08-2020 09:15,204.4
06-08-2020 09:15,205.65
07-08-2020 09:15,208.75
10-08-2020 09:15,209.55
11-08-2020 09:15,207.15
12-08-2020 09:15,209.4
13-08-2020 09:15,225.15
14-08-2020 09:15,218.1
17-08-2020 09:15,212.3
18-08-2020 09:15,231.8
19-08-2020 09:15,226.65
20-08-2020 09:15,226.7
21-08-2020 09:15,227.35
24-08-2020 09:15,231.75
25-08-2020 09:15,242.15
26-08-2020 09:15,245.3
27-08-2020 09:15,240.9
28-08-2020 09:15,249.75
31-08-2020 09:15,232.2
01-09-2020 09:15,241.45
02-09-2020 09:15,242.7
03-09-2020 09:15,244.1
04-09-2020 09:15,234.05
07-09-2020 09:15,226.45
08-09-2020 09:15,222.15
09-09-2020 09:15,220.55
10-09-2020 09:15,221.25
11-09-2020 09:15,224.45
14-09-2020 09:15,232.1
15-09-2020 09:15,232.9
16-09-2020 09:15,238.6
17-09-2020 09:15,239.55
18-09-2020 09:15,240.65
21-09-2020 09:15,231.25
22-09-2020 09:15,231.05
23-09-2020 09:15,229.95
24-09-2020 09:15,229.8
25-09-2020 09:15,238.7
28-09-2020 09:15,248.85
29-09-2020 09:15,251.8
30-09-2020 09:15,249.15
01-10-2020 09:15,257.5
05-10-2020 09:15,252.4
06-10-2020 09:15,261.0
07-10-2020 09:15,254.35
08-10-2020 09:15,251.45
09-10-2020 09:15,253.75
12-10-2020 09:15,248.95
13-10-2020 09:15,242.65
14-10-2020 09:15,249.55
15-10-2020 09:15,237.3
16-10-2020 09:15,237.25
19-10-2020 09:15,239.9
20-10-2020 09:15,240.2
21-10-2020 09:15,242.55
22-10-2020 09:15,243.1
23-10-2020 09:15,251.5
26-10-2020 09:15,246.9
27-10-2020 09:15,248.75
28-10-2020 09:15,243.25
29-10-2020 09:15,250.1
30-10-2020 09:15,273.25
02-11-2020 09:15,293.05
03-11-2020 09:15,296.55
04-11-2020 09:15,293.65
05-11-2020 09:15,306.05
06-11-2020 09:15,303.6
09-11-2020 09:15,305.4
10-11-2020 09:15,312.5
11-11-2020 09:15,304.35
12-11-2020 09:15,316.5
13-11-2020 09:15,309.75
14-11-2020 09:15,312.3
17-11-2020 09:15,322.5
18-11-2020 09:15,334.7
19-11-2020 09:15,332.4
20-11-2020 09:15,338.95
23-11-2020 09:15,351.7
24-11-2020 09:15,360.2
25-11-2020 09:15,352.85
26-11-2020 09:15,360.2
27-11-2020 09:15,388.7
01-12-2020 09:15,374.8
02-12-2020 09:15,374.9
03-12-2020 09:15,370.7
04-12-2020 09:15,369.75
07-12-2020 09:15,364.5
08-12-2020 09:15,373.05
09-12-2020 09:15,369.95
10-12-2020 09:15,366.35
11-12-2020 09:15,369.3
14-12-2020 09:15,371.75
15-12-2020 09:15,377.25
16-12-2020 09:15,377.5
17-12-2020 09:15,374.45
18-12-2020 09:15,375.1
21-12-2020 09:15,354.85
22-12-2020 09:15,360.8
23-12-2020 09:15,376.25
24-12-2020 09:15,376.35
28-12-2020 09:15,386.35
29-12-2020 09:15,383.15
30-12-2020 09:15,384.9
31-12-2020 09:15,387.65
01-01-2021 09:15,411.35
04-01-2021 09:15,443.25
05-01-2021 09:15,437.25
06-01-2021 09:15,434.85
07-01-2021 09:15,431.35
08-01-2021 09:15,431.8
11-01-2021 09:15,426.8
12-01-2021 09:15,443.05
13-01-2021 09:15,427.9
14-01-2021 09:15,426.15
15-01-2021 09:15,424.1
18-01-2021 09:15,409.25
19-01-2021 09:15,437.95
20-01-2021 09:15,457.45
21-01-2021 09:15,431.7
22-01-2021 09:15,422.15
25-01-2021 09:15,420.6
27-01-2021 09:15,410.5
28-01-2021 09:15,405.25
29-01-2021 09:15,397.85
01-02-2021 09:15,442.95
02-02-2021 09:15,439.1
03-02-2021 09:15,459.85
04-02-2021 09:15,464.4
05-02-2021 09:15,451.1
08-02-2021 09:15,460.6
09-02-2021 09:15,459.05
10-02-2021 09:15,467.75
11-02-2021 09:15,471.6
12-02-2021 09:15,468.55
15-02-2021 09:15,532.75
16-02-2021 09:15,528.05
17-02-2021 09:15,528.0
18-02-2021 09:15,527.7
19-02-2021 09:15,530.35
22-02-2021 09:15,528.65
23-02-2021 09:15,517.8
24-02-2021 09:15,504.5
25-02-2021 09:15,526.05
26-02-2021 09:15,518.9
01-03-2021 09:15,522.3
02-03-2021 09:15,538.55
03-03-2021 09:15,540.65
04-03-2021 09:15,535.1
05-03-2021 09:15,526.8
08-03-2021 09:15,534.15
09-03-2021 09:15,544.4
10-03-2021 09:15,539.4
12-03-2021 09:15,531.8
15-03-2021 09:15,534.95
16-03-2021 09:15,540.65
17-03-2021 09:15,529.6
18-03-2021 09:15,527.65
19-03-2021 09:15,552.85
22-03-2021 09:15,570.4
23-03-2021 09:15,559.7
24-03-2021 09:15,548.5
25-03-2021 09:15,537.5
26-03-2021 09:15,554.65
30-03-2021 09:15,555.3
31-03-2021 09:15,558.8
01-04-2021 09:15,562.5
05-04-2021 09:15,544.35
06-04-2021 09:15,540.0
07-04-2021 09:15,578.05
08-04-2021 09:15,562.95
09-04-2021 09:15,557.9
12-04-2021 09:15,510.85
13-04-2021 09:15,532.45
15-04-2021 09:15,535.3
16-04-2021 09:15,540.6
19-04-2021 09:15,530.55
20-04-2021 09:15,538.75
22-04-2021 09:15,551.2
23-04-2021 09:15,555.95
26-04-2021 09:15,552.35
27-04-2021 09:15,564.6
28-04-2021 09:15,583.8
29-04-2021 09:15,592.5
30-04-2021 09:15,571.75
03-05-2021 09:15,559.1
04-05-2021 09:15,549.45
05-05-2021 09:15,558.6
06-05-2021 09:15,580.3
07-05-2021 09:15,568.9
10-05-2021 09:15,554.15
11-05-2021 09:15,550.95
12-05-2021 09:15,524.0
14-05-2021 09:15,526.75
17-05-2021 09:15,543.35
18-05-2021 09:15,546.35
19-05-2021 09:15,544.05
20-05-2021 09:15,570.0
21-05-2021 09:15,582.8
24-05-2021 09:15,576.4
25-05-2021 09:15,551.55
26-05-2021 09:15,544.1
27-05-2021 09:15,537.8
28-05-2021 09:15,544.05
31-05-2021 09:15,549.3
01-06-2021 09:15,545.65
02-06-2021 09:15,557.3
03-06-2021 09:15,569.65
04-06-2021 09:15,570.7
07-06-2021 09:15,580.1
08-06-2021 09:15,570.9
09-06-2021 09:15,555.8
10-06-2021 09:15,565.75
11-06-2021 09:15,562.3
14-06-2021 09:15,569.9
15-06-2021 09:15,568.5
16-06-2021 09:15,564.25
17-06-2021 09:15,549.8
18-06-2021 09:15,538.5
21-06-2021 09:15,543.5
22-06-2021 09:15,541.85
23-06-2021 09:15,536.2
24-06-2021 09:15,530.05
25-06-2021 09:15,531.9
28-06-2021 09:15,523.65
29-06-2021 09:15,519.35
30-06-2021 09:15,513.25
01-07-2021 09:15,506.15
02-07-2021 09:15,510.1
05-07-2021 09:15,519.0
06-07-2021 09:15,521.2
07-07-2021 09:15,518.95
08-07-2021 09:15,514.35
09-07-2021 09:15,519.3
12-07-2021 09:15,516.55
13-07-2021 09:15,517.95
14-07-2021 09:15,513.45
15-07-2021 09:15,513.8
16-07-2021 09:15,512.4
19-07-2021 09:15,506.5
20-07-2021 09:15,490.2
22-07-2021 09:15,494.75
23-07-2021 09:15,499.05
26-07-2021 09:15,491.7
27-07-2021 09:15,483.55
28-07-2021 09:15,481.1
29-07-2021 09:15,487.15
30-07-2021 09:15,475.75
02-08-2021 09:15,526.45
03-08-2021 09:15,516.65
04-08-2021 09:15,516.65
05-08-2021 09:15,539.65
06-08-2021 09:15,528.8
09-08-2021 09:15,520.7
10-08-2021 09:15,510.5
11-08-2021 09:15,501.55
12-08-2021 09:15,512.0
13-08-2021 09:15,503.35
16-08-2021 09:15,501.2
17-08-2021 09:15,509.35
18-08-2021 09:15,506.75
20-08-2021 09:15,485.1
23-08-2021 09:15,484.2
24-08-2021 09:15,510.1
25-08-2021 09:15,510.95
26-08-2021 09:15,530.75
27-08-2021 09:15,524.8
30-08-2021 09:15,548.2
31-08-2021 09:15,554.05
01-09-2021 09:15,568.85
02-09-2021 09:15,582.85
03-09-2021 09:15,571.45
06-09-2021 09:15,570.85
07-09-2021 09:15,574.45
08-09-2021 09:15,577.1
09-09-2021 09:15,568.25
13-09-2021 09:15,584.4
14-09-2021 09:15,581.25
15-09-2021 09:15,580.0
16-09-2021 09:15,609.4
17-09-2021 09:15,606.85
20-09-2021 09:15,587.35
21-09-2021 09:15,578.35
22-09-2021 09:15,571.05
23-09-2021 09:15,585.95
24-09-2021 09:15,576.1
27-09-2021 09:15,572.15
28-09-2021 09:15,554.75
29-09-2021 09:15,573.45
30-09-2021 09:15,564.25
01-10-2021 09:15,558.65
04-10-2021 09:15,564.35
05-10-2021 09:15,558.75
06-10-2021 09:15,560.25
07-10-2021 09:15,583.85
08-10-2021 09:15,569.1
11-10-2021 09:15,570.35
12-10-2021 09:15,573.1
13-10-2021 09:15,594.5
14-10-2021 09:15,594.0
18-10-2021 09:15,598.75
19-10-2021 09:15,608.25
20-10-2021 09:15,594.8
21-10-2021 09:15,614.15
22-10-2021 09:15,598.4
25-10-2021 09:15,577.3
26-10-2021 09:15,604.9
27-10-2021 09:15,623.5
28-10-2021 09:15,609.0
29-10-2021 09:15,614.75
01-11-2021 09:15,588.65
02-11-2021 09:15,609.8
03-11-2021 09:15,612.85
04-11-2021 09:15,615.05
08-11-2021 09:15,638.3
09-11-2021 09:15,640.0
10-11-2021 09:15,647.65
11-11-2021 09:15,639.5
12-11-2021 09:15,662.4
15-11-2021 09:15,648.35
16-11-2021 09:15,643.85
17-11-2021 09:15,626.35
18-11-2021 09:15,617.3
22-11-2021 09:15,595.4
23-11-2021 09:15,606.2
24-11-2021 09:15,590.6
25-11-2021 09:15,584.35
26-11-2021 09:15,544.8
29-11-2021 09:15,542.2
30-11-2021 09:15,550.5
01-12-2021 09:15,559.3
02-12-2021 09:15,566.65
03-12-2021 09:15,567.85
06-12-2021 09:15,555.55
07-12-2021 09:15,562.35
08-12-2021 09:15,568.15
09-12-2021 09:15,577.6
10-12-2021 09:15,579.8
13-12-2021 09:15,579.05
14-12-2021 09:15,554.95
15-12-2021 09:15,541.85
16-12-2021 09:15,545.75
17-12-2021 09:15,510.35
20-12-2021 09:15,492.8
21-12-2021 09:15,505.0
22-12-2021 09:15,513.0
23-12-2021 09:15,539.65
24-12-2021 09:15,520.05
27-12-2021 09:15,526.75
28-12-2021 09:15,523.0
29-12-2021 09:15,517.3
30-12-2021 09:15,508.7
31-12-2021 09:15,520.4
03-01-2022 09:15,537.25
04-01-2022 09:15,546.05
05-01-2022 09:15,568.0
06-01-2022 09:15,564.9
07-01-2022 09:15,574.85
10-01-2022 09:15,561.15
11-01-2022 09:15,579.25
12-01-2022 09:15,598.45
13-01-2022 09:15,589.4
14-01-2022 09:15,586.2
17-01-2022 09:15,600.7
18-01-2022 09:15,612.45
19-01-2022 09:15,612.1
20-01-2022 09:15,649.15
21-01-2022 09:15,654.15
24-01-2022 09:15,643.4
25-01-2022 09:15,643.6
27-01-2022 09:15,654.9
28-01-2022 09:15,640.05
31-01-2022 09:15,629.5
01-02-2022 09:15,653.95
02-02-2022 09:15,639.2
03-02-2022 09:15,642.75
04-02-2022 09:15,675.7
07-02-2022 09:15,650.1
08-02-2022 09:15,657.5
09-02-2022 09:15,682.95
10-02-2022 09:15,690.75
11-02-2022 09:15,680.35
14-02-2022 09:15,660.0
15-02-2022 09:15,671.15
16-02-2022 09:15,669.75
17-02-2022 09:15,675.7
18-02-2022 09:15,673.1
21-02-2022 09:15,674.15
22-02-2022 09:15,691.6
23-02-2022 09:15,684.3
24-02-2022 09:15,647.85
25-02-2022 09:15,683.8
28-02-2022 09:15,690.95
02-03-2022 09:15,679.45
03-03-2022 09:15,675.9
04-03-2022 09:15,658.5
07-03-2022 09:15,607.3
08-03-2022 09:15,615.55
09-03-2022 09:15,640.5
10-03-2022 09:15,670.45
11-03-2022 09:15,671.45
14-03-2022 09:15,679.25
15-03-2022 09:15,685.8
16-03-2022 09:15,697.4
17-03-2022 09:15,719.85
21-03-2022 09:15,697.85
22-03-2022 09:15,711.95
23-03-2022 09:15,721.75
24-03-2022 09:15,731.35
25-03-2022 09:15,732.25
28-03-2022 09:15,726.75
29-03-2022 09:15,715.2
30-03-2022 09:15,733.45
31-03-2022 09:15,718.45
01-04-2022 09:15,707.75
04-04-2022 09:15,699.55
05-04-2022 09:15,704.6
06-04-2022 09:15,702.75
07-04-2022 09:15,686.75
08-04-2022 09:15,741.75
11-04-2022 09:15,744.1
12-04-2022 09:15,740.7
13-04-2022 09:15,730.3
18-04-2022 09:15,724.85
19-04-2022 09:15,736.85
20-04-2022 09:15,709.85
21-04-2022 09:15,720.55
22-04-2022 09:15,713.5
25-04-2022 09:15,715.2
26-04-2022 09:15,764.0
27-04-2022 09:15,744.55
28-04-2022 09:15,740.15
29-04-2022 09:15,738.75
02-05-2022 09:15,746.5
04-05-2022 09:15,712.15
05-05-2022 09:15,715.3
06-05-2022 09:15,636.85
09-05-2022 09:15,635.4
10-05-2022 09:15,637.95
11-05-2022 09:15,624.55
12-05-2022 09:15,609.2
13-05-2022 09:15,632.05
16-05-2022 09:15,635.7
17-05-2022 09:15,659.7
18-05-2022 09:15,662.75
19-05-2022 09:15,638.55
20-05-2022 09:15,645.85
23-05-2022 09:15,651.4
24-05-2022 09:15,642.7
25-05-2022 09:15,629.75
26-05-2022 09:15,638.9
27-05-2022 09:15,656.7
30-05-2022 09:15,676.6
31-05-2022 09:15,679.6
01-06-2022 09:15,671.55
02-06-2022 09:15,679.15
03-06-2022 09:15,658.4
06-06-2022 09:15,658.85
07-06-2022 09:15,659.8
08-06-2022 09:15,669.95
09-06-2022 09:15,676.15
10-06-2022 09:15,650.35
13-06-2022 09:15,609.0
14-06-2022 09:15,618.85
15-06-2022 09:15,633.15
16-06-2022 09:15,626.1
17-06-2022 09:15,641.3
20-06-2022 09:15,619.2
21-06-2022 09:15,625.8
22-06-2022 09:15,617.15
23-06-2022 09:15,636.45
24-06-2022 09:15,647.75
27-06-2022 09:15,634.25
28-06-2022 09:15,640.8
29-06-2022 09:15,638.85
30-06-2022 09:15,619.5
01-07-2022 09:15,640.35
04-07-2022 09:15,652.8
05-07-2022 09:15,643.0
06-07-2022 09:15,643.65
07-07-2022 09:15,642.2
08-07-2022 09:15,630.95
11-07-2022 09:15,638.05
12-07-2022 09:15,620.2
13-07-2022 09:15,626.85
14-07-2022 09:15,616.45
15-07-2022 09:15,634.0
18-07-2022 09:15,670.4
19-07-2022 09:15,683.9
20-07-2022 09:15,672.3
21-07-2022 09:15,686.0
22-07-2022 09:15,685.9
25-07-2022 09:15,684.85
26-07-2022 09:15,677.75
27-07-2022 09:15,676.8
28-07-2022 09:15,690.1
29-07-2022 09:15,700.7
01-08-2022 09:15,733.85
02-08-2022 09:15,746.75
03-08-2022 09:15,757.5
04-08-2022 09:15,763.05
05-08-2022 09:15,771.2
08-08-2022 09:15,775.95
10-08-2022 09:15,771.85
11-08-2022 09:15,777.55
12-08-2022 09:15,783.7
16-08-2022 09:15,788.5
17-08-2022 09:15,789.9
18-08-2022 09:15,781.7
19-08-2022 09:15,777.8
22-08-2022 09:15,772.35
23-08-2022 09:15,787.1
24-08-2022 09:15,798.85
25-08-2022 09:15,785.85
26-08-2022 09:15,796.2
29-08-2022 09:15,787.45
30-08-2022 09:15,790.35
01-09-2022 09:15,789.3
02-09-2022 09:15,790.5
05-09-2022 09:15,799.75
06-09-2022 09:15,801.8
07-09-2022 09:15,802.2
08-09-2022 09:15,801.4
09-09-2022 09:15,790.75
12-09-2022 09:15,798.2
13-09-2022 09:15,797.9
14-09-2022 09:15,794.85
15-09-2022 09:15,792.8
16-09-2022 09:15,768.6
19-09-2022 09:15,785.65
20-09-2022 09:15,786.5
21-09-2022 09:15,772.7
22-09-2022 09:15,784.1
23-09-2022 09:15,738.5
26-09-2022 09:15,713.95
27-09-2022 09:15,720.65
28-09-2022 09:15,719.85
29-09-2022 09:15,727.65
30-09-2022 09:15,732.2
03-10-2022 09:15,699.55
04-10-2022 09:15,737.75
06-10-2022 09:15,728.7
07-10-2022 09:15,737.15
10-10-2022 09:15,729.85
11-10-2022 09:15,719.2
12-10-2022 09:15,744.6
13-10-2022 09:15,724.65
14-10-2022 09:15,726.6
17-10-2022 09:15,732.35
18-10-2022 09:15,746.8
19-10-2022 09:15,746.45
20-10-2022 09:15,729.55
21-10-2022 09:15,712.45
24-10-2022 09:15,713.25
25-10-2022 09:15,715.75
27-10-2022 09:15,717.75
28-10-2022 09:15,716.55
31-10-2022 09:15,709.35
01-11-2022 09:15,709.5
02-11-2022 09:15,744.7
03-11-2022 09:15,758.6
04-11-2022 09:15,763.6
07-11-2022 09:15,748.35
09-11-2022 09:15,744.65
10-11-2022 09:15,722.1
11-11-2022 09:15,728.5
14-11-2022 09:15,720.5
15-11-2022 09:15,721.5
16-11-2022 09:15,707.15
17-11-2022 09:15,697.5
18-11-2022 09:15,713.8
21-11-2022 09:15,714.0
22-11-2022 09:15,711.05
23-11-2022 09:15,718.65
24-11-2022 09:15,722.05
25-11-2022 09:15,720.75
28-11-2022 09:15,720.3
29-11-2022 09:15,714.75
30-11-2022 09:15,714.85
01-12-2022 09:15,728.9
02-12-2022 09:15,731.65
05-12-2022 09:15,737.7
06-12-2022 09:15,734.8
07-12-2022 09:15,735.8
08-12-2022 09:15,742.85
09-12-2022 09:15,744.1
12-12-2022 09:15,746.6
13-12-2022 09:15,751.6
14-12-2022 09:15,752.1
15-12-2022 09:15,747.6
16-12-2022 09:15,729.85
19-12-2022 09:15,745.15
20-12-2022 09:15,747.05
21-12-2022 09:15,722.55
22-12-2022 09:15,716.85
23-12-2022 09:15,699.25
26-12-2022 09:15,710.7
27-12-2022 09:15,707.1
28-12-2022 09:15,725.8
29-12-2022 09:15,715.0
30-12-2022 09:15,722.9
02-01-2023 09:15,731.85
03-01-2023 09:15,728.5
04-01-2023 09:15,718.5
05-01-2023 09:15,683.25
06-01-2023 09:15,667.9
09-01-2023 09:15,679.2
10-01-2023 09:15,669.0
11-01-2023 09:15,665.95
12-01-2023 09:15,685.6
13-01-2023 09:15,711.7
16-01-2023 09:15,691.3
17-01-2023 09:15,681.4
18-01-2023 09:15,692.1
19-01-2023 09:15,701.25
20-01-2023 09:15,706.25
23-01-2023 09:15,712.8
24-01-2023 09:15,725.5
25-01-2023 09:15,718.4
27-01-2023 09:15,709.9
30-01-2023 09:15,710.75
31-01-2023 09:15,706.95
01-02-2023 09:15,749.8
02-02-2023 09:15,775.0
03-02-2023 09:15,781.15
06-02-2023 09:15,781.1
07-02-2023 09:15,781.4
08-02-2023 09:15,796.05
09-02-2023 09:15,796.1
10-02-2023 09:15,777.55
13-02-2023 09:15,771.2
14-02-2023 09:15,776.15
15-02-2023 09:15,782.65
16-02-2023 09:15,782.25
17-02-2023 09:15,779.35
20-02-2023 09:15,770.1
21-02-2023 09:15,773.4
22-02-2023 09:15,765.4
23-02-2023 09:15,751.5
24-02-2023 09:15,762.85
27-02-2023 09:15,762.15
28-02-2023 09:15,756.5
01-03-2023 09:15,766.75
02-03-2023 09:15,750.0
03-03-2023 09:15,750.2
06-03-2023 09:15,769.3
08-03-2023 09:15,766.6
09-03-2023 09:15,766.65
10-03-2023 09:15,752.75
13-03-2023 09:15,739.8
14-03-2023 09:15,744.2
15-03-2023 09:15,746.0
16-03-2023 09:15,746.65
17-03-2023 09:15,763.7
20-03-2023 09:15,745.95
21-03-2023 09:15,754.6
22-03-2023 09:15,747.1
23-03-2023 09:15,746.7
24-03-2023 09:15,727.65
27-03-2023 09:15,715.85
28-03-2023 09:15,732.15
29-03-2023 09:15,747.85
31-03-2023 09:15,761.3
03-04-2023 09:15,778.6
05-04-2023 09:15,782.65
06-04-2023 09:15,841.4
10-04-2023 09:15,829.2
11-04-2023 09:15,840.85
12-04-2023 09:15,820.25
13-04-2023 09:15,820.95
17-04-2023 09:15,836.45
18-04-2023 09:15,839.6
19-04-2023 09:15,846.9
20-04-2023 09:15,843.3
21-04-2023 09:15,837.35
24-04-2023 09:15,840.35
25-04-2023 09:15,838.55
26-04-2023 09:15,838.3
27-04-2023 09:15,854.4
28-04-2023 09:15,871.1
02-05-2023 09:15,874.7
03-05-2023 09:15,886.6
04-05-2023 09:15,950.2
05-05-2023 09:15,991.85
08-05-2023 09:15,1001.9
09-05-2023 09:15,983.55
10-05-2023 09:15,989.6
11-05-2023 09:15,998.85
12-05-2023 09:15,1005.05
15-05-2023 09:15,1003.5
16-05-2023 09:15,1020.4
17-05-2023 09:15,1011.6
18-05-2023 09:15,1042.3
19-05-2023 09:15,1043.4
22-05-2023 09:15,1053.7
23-05-2023 09:15,1060.65
24-05-2023 09:15,1052.2
25-05-2023 09:15,1059.45
26-05-2023 09:15,1049.7
29-05-2023 09:15,1055.4
30-05-2023 09:15,1046.3
31-05-2023 09:15,1050.9
01-06-2023 09:15,1043.9
02-06-2023 09:15,1039.3
05-06-2023 09:15,1048.55
06-06-2023 09:15,1057.25
07-06-2023 09:15,1073.2
08-06-2023 09:15,1061.6
09-06-2023 09:15,1065.7
12-06-2023 09:15,1073.1
13-06-2023 09:15,1101.8
14-06-2023 09:15,1099.3
15-06-2023 09:15,1112.9
16-06-2023 09:15,1126.65
19-06-2023 09:15,1132.25
20-06-2023 09:15,1121.9
21-06-2023 09:15,1134.35
22-06-2023 09:15,1100.2
23-06-2023 09:15,1090.15
26-06-2023 09:15,1077.6
27-06-2023 09:15,1093.85
28-06-2023 09:15,1127.5
30-06-2023 09:15,1142.0
03-07-2023 09:15,1169.15
04-07-2023 09:15,1187.25
05-07-2023 09:15,1186.45
06-07-2023 09:15,1165.5
07-07-2023 09:15,1176.75
10-07-2023 09:15,1151.35
11-07-2023 09:15,1132.0
12-07-2023 09:15,1148.55
13-07-2023 09:15,1150.8
14-07-2023 09:15,1164.35
17-07-2023 09:15,1164.65
18-07-2023 09:15,1145.95
19-07-2023 09:15,1170.3
20-07-2023 09:15,1158.55
21-07-2023 09:15,1134.75
24-07-2023 09:15,1145.35
25-07-2023 09:15,1127.4
26-07-2023 09:15,1141.55
27-07-2023 09:15,1135.95
28-07-2023 09:15,1137.6
31-07-2023 09:15,1132.1
01-08-2023 09:15,1130.45
02-08-2023 09:15,1099.4
03-08-2023 09:15,1070.45
04-08-2023 09:15,1085.3
07-08-2023 09:15,1067.95
08-08-2023 09:15,1057.8
09-08-2023 09:15,1055.65
10-08-2023 09:15,1060.25
11-08-2023 09:15,1043.25
14-08-2023 09:15,1037.8
16-08-2023 09:15,1017.15
17-08-2023 09:15,1020.8
18-08-2023 09:15,1016.95
21-08-2023 09:15,1044.85
22-08-2023 09:15,1062.35
23-08-2023 09:15,1086.45
24-08-2023 09:15,1085.05
25-08-2023 09:15,1082.2
